(((WJJ08868.1:1.90969,AXP07355.1:0.96009):0.92681,
ABB29898.2:0.14079):0.12765,(YP_0097243:0.00953,
QOR63517.1:0.00010):0.00636,QHR63300.2:0.00562);
