(NC_045512.:0.03312,(MW173324.1:0.07748,((OR147948.1:0.87047,
MH734115.1:0.54550):0.40323,DQ231462.2:0.14643):0.08431):0.06998,
MN996532.2:0.03959);
