(YP_0097243:0.01436,(((WJJ08868.1:1.86280,AXP07355.1:1.00844):0.80619,
ABB29898.2:0.12567):0.06115,QOR63517.1:0.07789):0.08395,
QHR63300.2:0.00883);
